2103.2 -10.4066 1148.79 1 0.697567
2103.05 -9.73802 1148.56 1 0.371227
2103.04 -10.6226 1148.49 1 0.707909
2102.92 -10.035 1148.21 1 0.101055
2103.15 -9.77205 1148.45 1 0.268851
2103.28 -9.68616 1148.22 1 0.282822
2103.83 -9.27467 1148.53 1 0.776387
2104.17 -9.76444 1148.07 1 0.312287
2105.12 -9.82611 1148.52 1 0.376854
2105.83 -9.9796 1148.31 1 0.156919
2106.89 -9.11143 1148.67 1 1.15847
2107.6 -9.90425 1148.2 1 0.324841
2108.57 -10.1905 1148.13 1 0.135882
2109.67 -10.4421 1148.22 1 0.089188
2110.79 -10.3549 1148.31 1 0.119727
2111.85 -10.4332 1148.23 1 0.057578
2112.94 -10.548 1148.2 1 0.0043333
2114.02 -10.5566 1148.19 1 0.0583587
2115.14 -10.667 1148.19 1 0.0163118
2116.25 -10.5897 1148.21 1 0.161671
2117.36 -10.7253 1148.22 1 0.102504
2118.42 -10.8819 1148.16 1 0.00857276
2119.48 -11.1838 1148.09 1 0.249803
2120.61 -11.4547 1148.16 1 0.441857
2121.69 -11.4026 1148.15 1 0.325198
2122.71 -11.2744 1148.11 1 0.141437
2123.68 -11.2587 1147.98 1 0.175363
2124.76 -11.3463 1148.07 1 0.108666
2125.86 -11.3977 1148.23 1 0.119452
2126.84 -11.3493 1148.15 1 0.0473678
2127.86 -11.4633 1148.12 1 0.0150421
2128.86 -11.4365 1148.11 1 0.0724012
2129.86 -11.4078 1148.07 1 0.166099
2130.86 -11.61 1148.02 1 0.0814932
2131.92 -11.637 1148.1 1 0.0563025
2132.98 -11.7378 1148.12 1 0.0388206
2133.97 -11.7445 1148.06 1 0.0780615
2135 -11.8095 1148.02 1 0.0925474
2136.03 -11.8679 1148 1 0.102965
2137.16 -11.8912 1148.13 1 0.131784
2138.19 -11.8804 1148.07 1 0.190218
2139.26 -11.9422 1148.03 1 0.194584
2140.38 -12.1356 1148.11 1 0.0875806
2141.48 -12.2395 1148.1 1 0.0629865
2142.59 -12.3331 1148.07 1 0.0328667
2143.72 -12.332 1148.11 1 0.108561
2144.84 -12.2424 1148.13 1 0.252206
2145.94 -12.0576 1148.08 1 0.48236
2147.09 -12.1753 1148.09 1 0.437125
2148.23 -12.4558 1148.09 1 0.234911
2149.42 -12.7334 1148.12 1 0.117408
2150.56 -12.8531 1148.04 1 0.0630908
2151.76 -12.8616 1148.1 1 0.116081
2152.92 -12.9373 1148.09 1 0.10654
2154.11 -13.0994 1148.08 1 0.129683
2155.27 -13.3371 1148.06 1 0.253087
2156.45 -13.4029 1148.05 1 0.249121
2157.62 -13.4797 1148.05 1 0.254522
2158.77 -13.4977 1147.98 1 0.188543
2159.9 -13.674 1147.9 1 0.296921
2161.09 -13.6881 1147.89 1 0.241355
2162.24 -13.7806 1147.9 1 0.2616
2163.42 -13.7328 1147.92 1 0.14144
2164.55 -13.8063 1147.86 1 0.157032
2165.75 -13.7878 1147.95 1 0.0714044
2166.89 -13.8392 1147.94 1 0.0546268
2168.05 -14.0012 1147.96 1 0.146906
2169.13 -13.9432 1147.89 1 0.00877349
2170.28 -14.0596 1147.97 1 0.0992814
2171.3 -14.1227 1147.82 1 0.0839251
2172.42 -14.3352 1147.86 1 0.202263
2173.55 -14.5996 1147.91 1 0.399453
2174.64 -14.7205 1147.93 1 0.457783
2175.66 -14.6969 1147.85 1 0.367595
2176.72 -14.4918 1147.87 1 0.10237
2177.73 -14.5944 1147.82 1 0.142617
2178.74 -14.5737 1147.79 1 0.0745765
2179.8 -14.8702 1147.84 1 0.292034
2180.83 -14.8459 1147.86 1 0.207457
2181.84 -14.8111 1147.8 1 0.112279
2182.88 -14.8086 1147.84 1 0.0502826
2183.86 -14.8189 1147.76 1 0.0523623
2184.9 -14.8317 1147.81 1 0.0536713
2185.94 -14.9437 1147.81 1 0.0133503
2186.96 -14.9792 1147.78 1 0.032872
2188.01 -15.0118 1147.79 1 0.0601881
2189.03 -14.983 1147.76 1 0.151785
2190.11 -15.0798 1147.79 1 0.119209
2191.15 -15.2012 1147.75 1 0.064774
2192.21 -15.1989 1147.73 1 0.131123
2193.31 -15.3564 1147.72 1 0.0498416
2194.39 -15.3913 1147.71 1 0.0773186
2195.48 -15.61 1147.67 1 0.114648
2196.6 -15.6277 1147.66 1 0.0881982
2197.73 -15.6082 1147.69 1 0.0679087
2198.85 -15.3431 1147.7 1 0.383085
2199.96 -15.3695 1147.64 1 0.429537
2201.11 -15.6431 1147.65 1 0.228083
2202.26 -15.9512 1147.6 1 0.110101
2203.46 -15.9037 1147.67 1 0.105215
2204.64 -16.1036 1147.64 1 0.0623523
2205.79 -16.234 1147.59 1 0.135421
2206.95 -16.3185 1147.55 1 0.17019
2208.12 -16.3303 1147.53 1 0.155157
2209.35 -16.5358 1147.62 1 0.185686
2210.54 -16.5893 1147.63 1 0.162307
2211.68 -16.6335 1147.55 1 0.171777
2212.86 -16.737 1147.54 1 0.202087
2214.01 -16.7898 1147.51 1 0.205666
2215.18 -16.8449 1147.5 1 0.197232
2216.36 -16.9186 1147.54 1 0.167797
2217.54 -16.906 1147.59 1 0.0660749
2218.67 -16.924 1147.55 1 0.0654274
2219.81 -16.9686 1147.54 1 0.0724407
2220.92 -17.0665 1147.51 1 0.10263
2222.05 -17.1367 1147.52 1 0.0785553
2223.19 -17.092 1147.57 1 0.103655
2224.24 -17.375 1147.45 1 0.182449
2225.43 -17.393 1147.61 1 0.0721182
2226.48 -17.7495 1147.53 1 0.36208
2227.57 -17.9937 1147.51 1 0.541175
2228.64 -17.9171 1147.52 1 0.39888
2229.71 -17.7695 1147.55 1 0.184855
2230.73 -17.703 1147.52 1 0.0676332
2231.77 -17.8442 1147.52 1 0.137235
2232.8 -17.8728 1147.53 1 0.10244
2233.79 -18.0083 1147.48 1 0.187558
2234.76 -17.9633 1147.39 1 0.160274
2235.8 -17.9614 1147.42 1 0.102699
2236.86 -17.9912 1147.49 1 0.0416899
2237.84 -17.9762 1147.43 1 0.131162
2238.93 -18.1289 1147.51 1 0.0121831
2239.89 -18.0442 1147.39 1 0.188933
2240.97 -18.1835 1147.46 1 0.0878032
2241.99 -18.1403 1147.41 1 0.201827
2243.08 -18.3261 1147.46 1 0.0679682
2244.1 -18.3688 1147.38 1 0.13088
2245.15 -18.3267 1147.35 1 0.224014
2246.26 -18.5492 1147.38 1 0.0913931
2247.35 -18.534 1147.36 1 0.155413
2248.44 -18.6855 1147.33 1 0.133978
2249.54 -18.788 1147.32 1 0.134423
2250.67 -18.803 1147.36 1 0.0957146
2251.77 -18.6412 1147.3 1 0.305954
2252.87 -18.5956 1147.26 1 0.419815
2254.02 -18.7317 1147.26 1 0.357306
2255.17 -19.0792 1147.25 1 0.172771
2256.32 -19.4283 1147.22 1 0.308421
2257.51 -19.1864 1147.26 1 0.167057
2258.68 -19.2217 1147.24 1 0.195084
2259.84 -19.3663 1147.2 1 0.196549
2261.05 -19.5717 1147.21 1 0.200286
2262.25 -19.7025 1147.23 1 0.217746
2263.45 -19.7739 1147.25 1 0.20247
2264.66 -19.8537 1147.28 1 0.184786
2265.82 -19.8492 1147.24 1 0.149021
2267.03 -19.8024 1147.28 1 0.0770518
2268.15 -19.8246 1147.2 1 0.168056
2269.36 -19.9957 1147.24 1 0.0997046
2270.57 -19.9779 1147.35 1 0.070754
2271.71 -20.0733 1147.32 1 0.0435035
2272.85 -20.1745 1147.32 1 0.0116355
2274.02 -20.0789 1147.41 1 0.199567
2275.08 -20.2927 1147.28 1 0.0409469
2276.17 -20.4367 1147.21 1 0.10658
2277.34 -20.4752 1147.33 1 0.0378334
2278.39 -20.3518 1147.26 1 0.168933
2279.55 -20.6583 1147.36 1 0.101847
2280.6 -21.1809 1147.25 1 0.53042
2281.7 -21.0143 1147.34 1 0.305217
2282.74 -20.9222 1147.31 1 0.148973
2283.79 -20.9426 1147.32 1 0.115074
2284.86 -20.6751 1147.38 1 0.261931
2285.85 -20.9121 1147.31 1 0.0765933
2286.86 -21.0215 1147.27 1 0.0247956
2287.89 -21.0119 1147.31 1 0.102836
2288.89 -21.0421 1147.26 1 0.110303
2289.88 -21.134 1147.2 1 0.0822087
2290.91 -21.1597 1147.23 1 0.111908
2291.93 -21.2389 1147.2 1 0.0952934
2292.96 -21.2381 1147.24 1 0.158457
2294.01 -21.3539 1147.22 1 0.10449
2295.04 -21.4264 1147.2 1 0.0938787
2296.07 -21.5195 1147.15 1 0.0762372
2297.1 -21.5032 1147.12 1 0.158562
2298.2 -21.4984 1147.17 1 0.212162
2299.28 -21.7409 1147.16 1 0.0409241
2300.4 -21.766 1147.2 1 0.081338
2301.48 -21.7819 1147.16 1 0.126052
2302.57 -21.9994 1147.14 1 0.0312238
2303.67 -21.9922 1147.09 1 0.0758964
2304.79 -21.876 1147.11 1 0.233793
2305.88 -21.6784 1147.06 1 0.500404
2306.98 -21.9295 1146.99 1 0.344315
2308.13 -22.1102 1146.99 1 0.242916
2309.29 -22.5515 1146.95 1 0.246988
2310.5 -22.5019 1146.99 1 0.135386
2311.69 -22.4792 1147.02 1 0.101
2312.85 -22.4539 1147 1 0.171444
2314.07 -22.5151 1147.04 1 0.161573
2315.29 -22.6656 1147.1 1 0.0748487
2316.59 -22.9277 1147.29 1 0.235965
2317.74 -23.3977 1147.18 1 0.519573
2318.87 -23.4048 1147.1 1 0.449011
2320.02 -23.4886 1147.04 1 0.463088
2321.23 -23.3177 1147.13 1 0.231892
2322.43 -23.4898 1147.16 1 0.335714
2323.61 -23.4724 1147.21 1 0.28252
2324.7 -23.6638 1147.06 1 0.356532
2325.93 -23.4368 1147.22 1 0.200876
2327.05 -23.3681 1147.18 1 0.178239
2328.11 -23.3065 1147.08 1 0.213825
2329.17 -23.4013 1146.97 1 0.181111
2330.27 -23.3723 1146.96 1 0.274723
2331.47 -23.8386 1147.09 1 0.154247
2332.58 -23.9258 1147.14 1 0.206611
2333.66 -24.2268 1147.12 1 0.401807
2334.73 -24.4339 1147.12 1 0.538426
2335.78 -24.2563 1147.09 1 0.303888
2336.71 -24.484 1146.85 1 0.469992
2337.84 -24.2975 1147.03 1 0.209168
2338.89 -24.142 1147.11 1 0.147056
2339.88 -24.3014 1147.02 1 0.104314
2340.91 -24.2513 1147.04 1 0.0929008
2341.97 -24.3625 1147.09 1 0.143446
2342.89 -24.195 1146.92 1 0.208908
2343.89 -24.2975 1146.89 1 0.172386
2344.94 -24.3209 1146.93 1 0.205145
2346.02 -24.6301 1147.01 1 0.0944045
2347.01 -24.5751 1146.97 1 0.0919392
2348.03 -24.64 1146.92 1 0.0739485
2349.09 -24.7957 1146.94 1 0.0376879
2350.02 -24.5716 1146.74 1 0.307934
2351.34 -25.0644 1147.15 1 0.299964
2352.31 -25.1058 1146.97 1 0.156934
2353.39 -25.1179 1146.93 1 0.0938029
2354.48 -25.1136 1146.92 1 0.0498369
2355.55 -25.2631 1146.83 1 0.104769
2356.65 -25.5292 1146.86 1 0.29671
2357.69 -25.5454 1146.94 1 0.26287
2358.68 -25.5263 1147.14 1 0.33496
2359.36 -25.2167 1147.02 1 0.247751
2359.98 -25.2936 1147.02 1 0.221501
2360.4 -25.1105 1146.88 1 0.348786
2360.78 -25.3349 1146.81 1 0.149286
2361.21 -25.534 1147.01 1 0.175351
2361.41 -25.3478 1146.94 1 0.198783
2361.57 -25.3749 1146.86 1 0.155602
2361.7 -25.3666 1146.83 1 0.169498
2361.87 -25.3673 1146.94 1 0.207132
2361.95 -25.3506 1146.91 1 0.213573
2362.03 -25.4725 1146.89 1 0.103343
2362.08 -25.3668 1146.91 1 0.206194
2362.08 -25.3805 1146.82 1 0.178544
2362.13 -25.3651 1146.88 1 0.201743
2362.16 -25.3794 1146.88 1 0.191223
2362.18 -25.3981 1146.9 1 0.178512
2362.18 -25.4333 1146.87 1 0.13638
2362.16 -25.3649 1146.83 1 0.19901
