2032.84 -81.5748 1149.78 1 8.58598
2032.83 -81.5904 1149.76 1 8.58772
2032.85 -81.6008 1149.69 1 8.54912
2033.04 -81.6262 1149.68 1 8.55765
2033.36 -81.48 1149.52 1 8.34439
2034.15 -81.155 1149.69 1 8.21293
2035.23 -80.7747 1149.83 1 8.03971
2036.43 -80.3434 1149.78 1 7.70758
2037.76 -79.9231 1149.7 1 7.36062
2039.27 -79.3085 1149.66 1 6.9437
2041.04 -78.8712 1149.68 1 6.70264
2042.76 -78.2737 1149.67 1 6.3741
2044.66 -77.6887 1149.73 1 6.16399
2046.62 -77.0735 1149.71 1 5.91154
2048.61 -76.5623 1149.66 1 5.70037
2050.49 -76.0379 1149.55 1 5.47886
2053.15 -75.7229 1150.54 1 6.40483
2054.75 -74.7714 1149.72 1 5.56775
2056.92 -74.0872 1149.86 1 5.77181
2058.92 -73.6359 1149.74 1 5.74611
2061.03 -73.0655 1149.74 1 5.91005
2063.26 -72.4034 1149.9 1 6.29926
2065.33 -71.8932 1149.78 1 6.42322
2067.44 -71.3351 1149.84 1 6.75675
2069.55 -70.8399 1149.75 1 6.96498
2071.6 -70.3456 1149.7 1 7.22572
2073.83 -69.6876 1149.91 1 7.8155
2075.98 -69.1306 1149.87 1 8.17281
2078.14 -68.6742 1149.88 1 8.50699
2080.31 -68.1037 1149.92 1 8.9603
2082.33 -67.721 1149.86 1 9.21417
2084.44 -67.2709 1149.78 1 9.52223
2086.67 -66.6858 1149.92 1 10.0715
2088.8 -66.2737 1149.84 1 10.3687
2090.95 -65.8208 1149.9 1 10.7726
2093.1 -65.422 1149.85 1 11.084
2095.12 -64.9741 1149.81 1 11.4493
2097.24 -64.5864 1149.75 1 11.7541
2099.39 -64.1564 1149.72 1 12.1189
2101.54 -63.7873 1149.71 1 12.4364
2103.81 -63.2308 1149.91 1 13.017
2105.99 -62.8343 1149.95 1 13.3865
2108.09 -62.4207 1149.97 1 13.7623
2110.17 -62.0537 1149.89 1 14.0612
2114.49 -61.3348 1149.89 1 14.7097
2116.59 -60.9831 1149.88 1 15.0268
2118.75 -60.6542 1149.86 1 15.318
2120.96 -60.2991 1149.93 1 15.6698
2123.04 -59.9823 1149.85 1 15.9328
2125.21 -59.6153 1149.94 1 16.2988
2127.38 -59.3252 1149.9 1 16.5531
2129.61 -59.0136 1149.96 1 16.8606
2131.75 -58.7496 1149.93 1 17.0929
2133.86 -58.4899 1149.87 1 17.3149
2136.05 -58.1262 1149.94 1 17.6741
2138.18 -57.8372 1149.92 1 17.9368
2140.29 -57.6094 1149.9 1 18.1394
2142.48 -57.3456 1149.93 1 18.3935
2144.74 -57.0468 1150.03 1 18.701
2146.93 -56.7613 1150.07 1 18.9794
2149.06 -56.5489 1150.01 1 19.1574
2151.23 -56.3252 1149.93 1 19.3432
2153.38 -56.1214 1149.99 1 19.5485
2155.58 -55.8672 1150.01 1 19.7917
2157.71 -55.6926 1150.03 1 19.9591
2159.87 -55.4846 1150.03 1 20.1515
2162.03 -55.3162 1150.06 1 20.3149
2164.22 -55.1131 1150.07 1 20.5071
2166.48 -54.928 1150.11 1 20.6885
2168.64 -54.7577 1150.12 1 20.8467
2170.85 -54.6165 1150.14 1 20.9821
2172.92 -54.4516 1150.13 1 21.1305
2175.15 -54.3151 1150.14 1 21.2592
2177.34 -54.171 1150.13 1 21.3883
2179.45 -54.0818 1150.07 1 21.4548
2181.59 -53.9946 1150.05 1 21.5265
2183.79 -53.8877 1150.04 1 21.6206
2185.98 -53.7691 1149.99 1 21.7169
2188.14 -53.6309 1150.05 1 21.8581
2190.4 -53.5967 1150.06 1 21.8874
2192.57 -53.5397 1150.1 1 21.9436
2194.8 -53.4734 1150.14 1 22.0114
2196.99 -53.3717 1150.11 1 22.0963
2199.16 -53.3205 1150.18 1 22.1547
2201.35 -53.2569 1150.17 1 22.2066
2203.57 -53.2896 1150.23 1 22.1818
2205.72 -53.2339 1150.22 1 22.2257
2208.04 -53.2585 1150.2 1 22.189
2210.18 -53.2218 1150.21 1 22.2194
2212.29 -53.2274 1150.24 1 22.215
2214.57 -53.2314 1150.23 1 22.2013
2216.76 -53.2383 1150.24 1 22.1895
2218.89 -53.2764 1150.26 1 22.1506
2221.1 -53.2754 1150.27 1 22.147
2223.41 -53.2863 1150.31 1 22.1376
2225.54 -53.3115 1150.31 1 22.1058
2227.7 -53.3472 1150.33 1 22.0671
2229.99 -53.4481 1150.37 1 21.9703
2232.25 -53.5288 1150.41 1 21.8946
2234.43 -53.6065 1150.45 1 21.8201
2236.57 -53.709 1150.4 1 21.7025
2238.79 -53.7572 1150.44 1 21.658
2241.02 -53.8644 1150.45 1 21.5475
2243.22 -53.989 1150.48 1 21.4262
2245.44 -54.0933 1150.5 1 21.3227
2247.63 -54.3012 1150.37 1 21.0819
2249.81 -54.3678 1150.42 1 21.0225
2252.05 -54.532 1150.44 1 20.8612
2254.35 -54.7952 1150.62 1 20.6406
2256.54 -54.8538 1150.46 1 20.5384
2258.75 -55.0555 1150.5 1 20.3442
2260.97 -55.2142 1150.51 1 20.1861
2263.14 -55.3992 1150.52 1 20.0014
2265.35 -55.6074 1150.47 1 19.7792
2267.55 -55.8213 1150.48 1 19.5669
2269.78 -56.0287 1150.42 1 19.3445
2272.02 -56.2676 1150.43 1 19.1069
2274.16 -56.4852 1150.41 1 18.8845
2276.38 -56.6784 1150.43 1 18.6959
2278.66 -56.9417 1150.42 1 18.4304
2280.76 -57.2373 1150.33 1 18.1151
2282.97 -57.4388 1150.38 1 17.9243
2285.34 -57.7539 1150.47 1 17.6362
2287.6 -58.0434 1150.52 1 17.3659
2289.76 -58.2118 1150.38 1 17.1574
2292.01 -58.53 1150.52 1 16.8812
2294.1 -58.7089 1150.23 1 16.6229
2296.28 -58.9685 1150.26 1 16.3718
2298.51 -59.3077 1150.21 1 16.0242
2300.93 -59.7766 1150.55 1 15.6657
2303.05 -60.0221 1150.37 1 15.3691
2305.49 -60.4483 1150.58 1 15.0218
2307.78 -60.9344 1150.71 1 14.5954
2309.96 -61.2104 1150.62 1 14.296
2312.28 -61.622 1150.71 1 13.9315
2314.29 -61.8222 1150.48 1 13.6554
2316.63 -62.1963 1150.52 1 13.3085
2318.76 -62.5771 1150.44 1 12.9164
2321.08 -63.1007 1150.58 1 12.4693
2323.42 -63.617 1150.74 1 12.0449
2325.57 -63.9266 1150.58 1 11.6878
2327.8 -64.3442 1150.57 1 11.2924
2330.11 -64.9164 1150.75 1 10.8432
2332.39 -65.3236 1150.77 1 10.4791
2334.71 -65.8638 1150.79 1 9.99877
2336.88 -66.1891 1150.66 1 9.64285
2339.08 -66.6893 1150.63 1 9.17882
2341.42 -67.2425 1150.75 1 8.76126
2343.6 -67.756 1150.72 1 8.30518
2345.8 -68.1949 1150.67 1 7.90645
2348.12 -68.7301 1150.63 1 7.44086
2350.52 -69.1341 1150.94 1 7.31519
2352.76 -69.8119 1150.86 1 6.75161
2354.91 -70.3906 1150.84 1 6.32965
2357.28 -70.8821 1150.91 1 6.04922
2359.54 -71.5301 1150.85 1 5.61472
2361.78 -72.0428 1150.83 1 5.3176
2364.07 -72.6611 1150.9 1 5.10571
2366.27 -73.2354 1150.88 1 4.88735
2368.56 -73.8774 1150.91 1 4.75855
2370.93 -74.3197 1151.16 1 4.9554
2373.11 -75.0877 1150.99 1 4.79595
2375.47 -75.7025 1151.14 1 5.03111
2377.51 -76.1115 1150.78 1 4.78595
2380.13 -76.9698 1151.3 1 5.58044
2382.43 -77.6146 1151.37 1 5.93929
2384.49 -78.0999 1151.06 1 5.94625
2386.91 -78.8962 1151.23 1 6.57055
2389.21 -79.6714 1151.33 1 7.16972
2391.56 -80.4675 1151.49 1 7.85917
2393.67 -81.1063 1151.35 1 8.26327
2395.73 -81.7716 1151.48 1 8.8733
2397.23 -82.0221 1151.06 1 8.84713
2398.44 -82.1963 1150.66 1 8.79491
2399.74 -82.7425 1150.89 1 9.37872
2400.69 -83.6488 1150.78 1 10.1351
2401.42 -83.6458 1150.79 1 10.1346
2402.18 -83.8795 1151.1 1 10.4806
2402.65 -83.8218 1151.19 1 10.4699
2402.98 -83.8024 1151.18 1 10.4495
2403.25 -83.7948 1151.18 1 10.4422
2404.53 -83.2262 1153.36 1 11.142
2403.77 -84.3115 1151.41 1 11.0039
2404.5 -85.088 1152.39 1 12.1516
2403.5 -83.8476 1150.61 1 10.2422
2403.9 -84.1928 1151.15 1 10.7815
2403.55 -83.7339 1150.51 1 10.0968
2404.06 -84.3424 1151.26 1 10.9655
2404.23 -84.5431 1151.46 1 11.2346
