2032.84 -81.5851 1149.77 1 8.59013
2032.84 -81.5788 1149.78 1 8.58899
2032.85 -81.5917 1149.72 1 8.56154
2032.99 -81.6087 1149.63 1 8.51493
2033.42 -81.6453 1149.65 1 8.55228
2034.03 -81.5133 1149.53 1 8.3742
2035.09 -81.1961 1149.68 1 8.23125
2036.4 -80.8134 1149.84 1 8.06859
2037.79 -80.368 1149.8 1 7.73463
2039.26 -79.955 1149.73 1 7.40445
2040.89 -79.3622 1149.7 1 7.00094
2042.76 -78.9232 1149.71 1 6.75246
2044.56 -78.2995 1149.68 1 6.391
2046.5 -77.6883 1149.76 1 6.17652
2048.51 -77.0563 1149.74 1 5.91755
2050.51 -76.5307 1149.67 1 5.69203
2052.45 -75.9934 1149.54 1 5.45005
2055.12 -75.6762 1150.54 1 6.38509
2056.72 -74.7164 1149.72 1 5.55908
2058.9 -74.0315 1149.85 1 5.75956
2060.92 -73.5907 1149.72 1 5.72597
2063.03 -73.0285 1149.74 1 5.90363
2065.26 -72.3681 1149.89 1 6.29219
2067.32 -71.864 1149.78 1 6.42484
2069.46 -71.3032 1149.83 1 6.7549
2071.55 -70.8124 1149.75 1 6.96941
2073.6 -70.3187 1149.69 1 7.2238
2075.84 -69.6699 1149.91 1 7.81578
2078 -69.1248 1149.87 1 8.1656
2080.15 -68.6728 1149.88 1 8.49676
2082.33 -68.1056 1149.92 1 8.94922
2084.34 -67.726 1149.87 1 9.20547
2086.44 -67.2721 1149.78 1 9.51101
2088.7 -66.6846 1149.92 1 10.062
2090.81 -66.2727 1149.84 1 10.3594
2092.96 -65.8172 1149.88 1 10.7605
2095.1 -65.4212 1149.84 1 11.0704
2097.12 -64.9764 1149.81 1 11.4369
2099.26 -64.593 1149.75 1 11.7385
2101.4 -64.1642 1149.71 1 12.097
2103.56 -63.7989 1149.71 1 12.4204
2105.8 -63.2359 1149.91 1 13.0032
2107.99 -62.8404 1149.96 1 13.3753
2110.09 -62.4244 1149.97 1 13.7503
2114.23 -61.7536 1149.79 1 14.284
2116.5 -61.3278 1149.89 1 14.7082
2118.61 -60.9809 1149.88 1 15.0207
2120.76 -60.6588 1149.85 1 15.3023
2122.97 -60.3093 1149.93 1 15.6523
2125.06 -59.9955 1149.85 1 15.913
2127.23 -59.6287 1149.94 1 16.2796
2129.4 -59.3397 1149.89 1 16.5284
2131.62 -59.0234 1149.96 1 16.8436
2133.78 -58.7546 1149.93 1 17.0799
2135.88 -58.4894 1149.88 1 17.3098
2138.08 -58.1281 1149.95 1 17.6673
2140.19 -57.8363 1149.93 1 17.9312
2142.31 -57.6136 1149.9 1 18.1281
2144.5 -57.3528 1149.93 1 18.3793
2146.74 -57.0554 1150.02 1 18.6826
2148.95 -56.771 1150.06 1 18.9603
2151.06 -56.5538 1150.01 1 19.1465
2153.25 -56.3323 1149.93 1 19.3292
2155.4 -56.1216 1149.98 1 19.5403
2157.59 -55.8655 1150.01 1 19.7864
2159.73 -55.6894 1150.03 1 19.9552
2161.91 -55.4823 1150.03 1 20.1466
2164.06 -55.3199 1150.05 1 20.3017
2166.22 -55.1167 1150.06 1 20.494
2168.49 -54.9368 1150.1 1 20.6704
2170.65 -54.7659 1150.13 1 20.8344
2172.84 -54.6243 1150.14 1 20.9682
2174.94 -54.4551 1150.11 1 21.1176
2177.17 -54.3158 1150.15 1 21.2541
2179.36 -54.1704 1150.13 1 21.382
2181.46 -54.0764 1150.09 1 21.4574
2183.61 -53.9893 1150.07 1 21.5286
2185.81 -53.88 1150.04 1 21.6214
2187.98 -53.7645 1149.99 1 21.7147
2190.14 -53.6339 1150.05 1 21.8486
2192.42 -53.6037 1150.06 1 21.8739
2194.59 -53.5506 1150.09 1 21.9239
2196.82 -53.4795 1150.15 1 21.9992
2199 -53.3762 1150.11 1 22.0852
2201.17 -53.3207 1150.18 1 22.1479
2203.36 -53.2518 1150.16 1 22.2027
2205.58 -53.28 1150.23 1 22.1845
2207.73 -53.2231 1150.22 1 22.2296
2210.06 -53.2469 1150.21 1 22.1959
2212.19 -53.213 1150.2 1 22.2212
2214.31 -53.2247 1150.23 1 22.2087
2216.58 -53.2304 1150.23 1 22.1957
2218.77 -53.2389 1150.24 1 22.1823
2220.9 -53.2772 1150.26 1 22.1431
2223.12 -53.2721 1150.27 1 22.1436
2225.41 -53.2767 1150.31 1 22.1404
2227.55 -53.3029 1150.32 1 22.1083
2229.71 -53.34 1150.34 1 22.0698
2232 -53.4411 1150.36 1 21.9681
2234.25 -53.524 1150.4 1 21.8902
2236.45 -53.6044 1150.45 1 21.8154
2238.6 -53.7159 1150.4 1 21.689
2240.8 -53.7655 1150.44 1 21.6432
2243.03 -53.8773 1150.46 1 21.5308
2245.24 -53.9969 1150.48 1 21.4118
2247.47 -54.1006 1150.5 1 21.3089
2249.63 -54.3042 1150.37 1 21.0724
2251.82 -54.3672 1150.43 1 21.0188
2254.07 -54.5256 1150.45 1 20.8631
2256.36 -54.7866 1150.63 1 20.6446
2258.55 -54.844 1150.46 1 20.5396
2260.76 -55.0463 1150.49 1 20.3436
2263 -55.2127 1150.5 1 20.1781
2265.15 -55.4038 1150.51 1 19.9874
2267.34 -55.6182 1150.47 1 19.7619
2269.57 -55.8379 1150.48 1 19.5439
2271.8 -56.0472 1150.42 1 19.3196
2274.03 -56.2842 1150.43 1 19.0848
2276.18 -56.4975 1150.42 1 18.8683
2278.39 -56.683 1150.42 1 18.6821
2280.67 -56.9408 1150.42 1 18.4245
2282.75 -57.2293 1150.34 1 18.1178
2285.01 -57.4264 1150.38 1 17.9291
2287.37 -57.7383 1150.45 1 17.6411
2289.61 -58.0318 1150.51 1 17.3668
2291.77 -58.2043 1150.38 1 17.1571
2294.02 -58.5256 1150.52 1 16.878
2296.12 -58.71 1150.23 1 16.6146
2298.28 -58.9748 1150.27 1 16.3614
2300.53 -59.3108 1150.21 1 16.014
2302.95 -59.7782 1150.55 1 15.6588
2305.06 -60.0217 1150.36 1 15.3598
2307.51 -60.4433 1150.57 1 15.0142
2309.78 -60.9315 1150.72 1 14.5931
2311.97 -61.2007 1150.62 1 14.2973
2314.29 -61.6175 1150.71 1 13.9275
2316.32 -61.8185 1150.47 1 13.6488
2318.65 -62.1997 1150.52 1 13.2995
2320.71 -62.5852 1150.44 1 12.9014
2323.11 -63.1103 1150.59 1 12.4562
2325.42 -63.629 1150.75 1 12.0293
2327.58 -63.9401 1150.59 1 11.6711
2329.8 -64.3539 1150.58 1 11.28
2332.13 -64.9205 1150.75 1 10.8303
2334.4 -65.3302 1150.76 1 10.46
2336.72 -65.8621 1150.78 1 9.98568
2338.89 -66.1847 1150.66 1 9.63718
2341.09 -66.6844 1150.62 1 9.17308
2343.45 -67.2354 1150.74 1 8.75138
2345.58 -67.746 1150.72 1 8.30051
2347.85 -68.1874 1150.66 1 7.89584
2350.14 -68.728 1150.64 1 7.43433
2352.52 -69.1344 1150.95 1 7.30591
2354.76 -69.8143 1150.85 1 6.73112
2356.95 -70.395 1150.85 1 6.32193
2359.3 -70.8843 1150.91 1 6.03543
2361.54 -71.5305 1150.85 1 5.59984
2363.81 -72.0446 1150.82 1 5.29438
2366.08 -72.6567 1150.9 1 5.09371
2368.28 -73.2337 1150.87 1 4.86432
2370.55 -73.8754 1150.92 1 4.75581
2372.95 -74.315 1151.16 1 4.94238
2375.13 -75.0812 1150.99 1 4.77884
2377.49 -75.7019 1151.14 1 5.01927
2379.53 -76.1136 1150.77 1 4.76539
2382.13 -76.9744 1151.29 1 5.56422
2384.43 -77.6212 1151.37 1 5.93348
2386.51 -78.1056 1151.06 1 5.94141
2388.92 -78.9027 1151.24 1 6.57536
2391.21 -79.6776 1151.33 1 7.17305
2393.51 -80.4819 1151.53 1 7.89356
2395.46 -81.1174 1151.4 1 8.29795
2397.28 -81.77 1151.48 1 8.8686
2398.52 -82.0125 1151.06 1 8.83655
2399.49 -82.1842 1150.65 1 8.77782
2400.57 -82.7307 1150.89 1 9.36813
2401.35 -83.6366 1150.77 1 10.1218
2401.93 -83.6322 1150.76 1 10.1116
2402.58 -83.8717 1151.09 1 10.4704
2402.96 -83.8129 1151.2 1 10.4654
2403.22 -83.7932 1151.18 1 10.4408
2403.42 -83.7864 1151.17 1 10.4305
2404.67 -83.2253 1153.35 1 11.1366
2403.87 -84.3061 1151.4 1 10.9942
2404.59 -85.0855 1152.4 1 12.1543
2403.56 -83.8445 1150.62 1 10.2422
2403.94 -84.1918 1151.15 1 10.7803
2403.59 -83.7356 1150.51 1 10.0982
2404.09 -84.3405 1151.26 1 10.9637
2404.24 -84.5403 1151.45 1 11.2276
