2070.55 -78.2163 1141.77 1
2075.64 -78.2643 1141.86 1
2080.69 -78.3382 1141.85 1
2085.78 -78.3362 1141.93 1
2090.85 -78.3791 1141.99 1
2095.85 -78.157 1141.92 1
2100.9 -78.2942 1141.97 1
2105.97 -78.2588 1141.99 1
2111 -78.2343 1142.01 1
2116.06 -78.2927 1142.02 1
2121.08 -78.2309 1141.99 1
2126.14 -78.3153 1142.02 1
2131.14 -78.2071 1142.08 1
2136.13 -78.2325 1142.16 1
2141.07 -78.2179 1142.12 1
2146.04 -78.153 1142.15 1
2151.02 -78.1701 1142.19 1
2156.02 -78.1479 1142.26 1
2160.98 -78.1398 1142.31 1
2165.92 -78.1099 1142.23 1
2170.89 -78.1375 1142.22 1
2175.86 -78.1215 1142.29 1
2180.86 -78.116 1142.35 1
2185.87 -78.0588 1142.48 1
2190.85 -77.9906 1142.49 1
2195.8 -77.9475 1142.45 1
2200.75 -77.9521 1142.47 1
2205.7 -77.9162 1142.43 1
2210.68 -77.8823 1142.46 1
2215.68 -77.8587 1142.55 1
2220.68 -77.8213 1142.62 1
2225.65 -77.7824 1142.71 1
2230.69 -77.8463 1142.68 1
2235.72 -77.8167 1142.67 1
2240.75 -77.8654 1142.66 1
2245.86 -77.8979 1142.75 1
2250.92 -77.9125 1142.81 1
2255.96 -77.9649 1142.83 1
2261.01 -77.9932 1142.83 1
2266.06 -77.9524 1142.88 1
2271.15 -78.0009 1142.97 1
2276.24 -77.9942 1143.05 1
2281.29 -77.9949 1143.11 1
2286.35 -77.9946 1143.12 1
2291.42 -78.0027 1143.17 1
2296.49 -78.0015 1143.25 1
2301.53 -78.0232 1143.25 1
2306.55 -78.0343 1143.21 1
2311.59 -78.0224 1143.24 1
2316.66 -78.0382 1143.27 1
2321.74 -78.0771 1143.37 1
2326.81 -78.0831 1143.41 1
0 0 0 1
