2103.24 -10.4411 1149.13 1 1.33873
2103.09 -9.73145 1148.9 1 1.19993
2103.11 -10.5674 1148.8 1 1.04253
2103.05 -9.86904 1148.54 1 0.8188
2103.4 -9.3865 1148.83 1 1.33898
2103.66 -9.00921 1148.61 1 1.49441
2104.34 -8.32007 1148.9 1 2.27174
2104.8 -8.5713 1148.42 1 1.87203
2105.84 -8.49741 1148.86 1 2.18087
2106.61 -8.57604 1148.64 1 2.0521
2107.72 -7.69039 1149.03 1 3.07972
2108.49 -8.50718 1148.55 1 2.18715
2109.5 -8.84057 1148.46 1 1.90407
2110.61 -9.18324 1148.55 1 1.69205
2111.8 -9.20149 1148.64 1 1.78023
2112.86 -9.49106 1148.58 1 1.55936
2113.97 -9.8415 1148.56 1 1.31668
2115.06 -10.0879 1148.52 1 1.15881
2116.18 -10.4634 1148.52 1 0.959602
2117.31 -10.601 1148.54 1 0.943476
2118.42 -10.9251 1148.57 1 0.871906
2119.47 -11.2614 1148.51 1 0.786915
2120.55 -11.8465 1148.44 1 0.917862
2121.68 -12.4385 1148.48 1 1.33835
2122.76 -12.7596 1148.49 1 1.56052
2123.77 -12.9171 1148.45 1 1.63079
2124.72 -13.0728 1148.32 1 1.66841
2125.81 -13.2943 1148.42 1 1.8528
2126.91 -13.444 1148.56 1 1.98863
2127.93 -13.5342 1148.49 1 1.99089
2128.94 -13.7043 1148.47 1 2.08252
2129.93 -13.6477 1148.45 1 1.97191
2130.92 -13.5835 1148.42 1 1.84808
2131.93 -13.6961 1148.36 1 1.87676
2133 -13.6677 1148.42 1 1.81869
2134.04 -13.6588 1148.46 1 1.77463
2135.07 -13.5278 1148.39 1 1.57453
2136.09 -13.4136 1148.35 1 1.40762
2137.13 -13.2544 1148.34 1 1.21584
2138.25 -13.0249 1148.46 1 1.08746
2139.28 -12.7394 1148.39 1 0.847478
2140.32 -12.5417 1148.36 1 0.754442
2141.49 -12.4739 1148.44 1 0.833036
2142.57 -12.322 1148.43 1 0.871317
2143.7 -12.2435 1148.4 1 0.90525
2144.82 -12.0713 1148.44 1 1.06494
2145.93 -11.7176 1148.47 1 1.38246
2147.03 -11.2209 1148.41 1 1.82752
2148.17 -10.9675 1148.43 1 2.1291
2149.31 -10.9342 1148.43 1 2.22248
2150.5 -10.9966 1148.45 1 2.24219
2151.67 -10.9279 1148.39 1 2.34861
2152.86 -10.8299 1148.44 1 2.52559
2154.01 -10.7891 1148.42 1 2.6251
2155.18 -10.9506 1148.44 1 2.54664
2156.31 -11.2209 1148.39 1 2.34246
2157.51 -11.2809 1148.41 1 2.36147
2158.69 -11.421 1148.39 1 2.29066
2159.84 -11.5143 1148.34 1 2.25222
2160.98 -11.7635 1148.24 1 2.0505
2162.16 -11.9375 1148.26 1 1.96333
2163.33 -12.2045 1148.25 1 1.78078
2164.47 -12.4035 1148.27 1 1.67589
2165.61 -12.7031 1148.21 1 1.4472
2166.84 -12.9317 1148.31 1 1.377
2167.97 -13.2563 1148.28 1 1.16669
2169.1 -13.7054 1148.3 1 0.953807
2170.18 -13.9 1148.24 1 0.845264
2171.34 -14.2106 1148.31 1 0.859676
2172.36 -14.43 1148.17 1 0.719585
2173.47 -14.9003 1148.21 1 0.897789
2174.63 -15.4945 1148.26 1 1.2916
2175.69 -15.9332 1148.27 1 1.61039
2176.73 -16.2724 1148.2 1 1.82305
2177.8 -16.3543 1148.22 1 1.85073
2178.8 -16.5655 1148.18 1 1.97426
2179.81 -16.6383 1148.14 1 1.97073
2180.84 -16.9533 1148.18 1 2.22619
2181.92 -17.0664 1148.19 1 2.27703
2182.9 -17.0612 1148.15 1 2.20545
2183.96 -17.0705 1148.18 1 2.16701
2184.92 -16.9472 1148.11 1 1.9762
2185.98 -16.8977 1148.14 1 1.88663
2187.04 -16.9281 1148.15 1 1.86387
2188.01 -16.7494 1148.12 1 1.63855
2189.1 -16.6765 1148.13 1 1.52411
2190.1 -16.4146 1148.1 1 1.24492
2191.2 -16.2867 1148.13 1 1.11705
2192.23 -16.1353 1148.08 1 0.946857
2193.33 -15.8888 1148.06 1 0.774968
2194.39 -15.764 1148.06 1 0.731373
2195.49 -15.5266 1148.05 1 0.748149
2196.57 -15.5847 1148.01 1 0.718409
2197.7 -15.4168 1147.99 1 0.805908
2198.84 -15.1343 1148.02 1 1.06998
2199.96 -14.5891 1148.02 1 1.58157
2201.03 -14.288 1147.98 1 1.89916
2202.18 -14.2233 1147.98 1 2.02714
2203.36 -14.189 1147.94 1 2.11389
2204.55 -14.0334 1148 1 2.34855
2205.7 -14.1926 1147.98 1 2.25945
2206.85 -14.1826 1147.93 1 2.32048
2208.01 -14.1771 1147.9 1 2.38588
2209.2 -14.1223 1147.87 1 2.50102
2210.4 -14.3985 1147.97 1 2.33331
2211.59 -14.497 1147.98 1 2.31009
2212.77 -14.5851 1147.9 1 2.27166
2213.93 -14.7793 1147.9 1 2.15327
2215.11 -14.9482 1147.87 1 2.05235
2216.22 -15.2691 1147.84 1 1.80662
2217.42 -15.5144 1147.88 1 1.66284
2218.58 -15.7569 1147.94 1 1.53347
2219.74 -15.9976 1147.9 1 1.37029
2220.87 -16.3216 1147.9 1 1.16062
2221.98 -16.6883 1147.86 1 0.911776
2223.11 -17.0301 1147.87 1 0.766226
2224.24 -17.1688 1147.93 1 0.795334
2225.31 -17.6418 1147.8 1 0.640897
2226.5 -17.9073 1147.96 1 0.858895
2227.53 -18.5152 1147.88 1 1.12831
2228.65 -19.1498 1147.86 1 1.59914
2229.71 -19.4125 1147.86 1 1.78415
2230.75 -19.5131 1147.9 1 1.83755
2231.78 -19.6211 1147.86 1 1.86549
2232.83 -19.8894 1147.88 1 2.06874
2233.87 -19.9925 1147.88 1 2.10773
2234.83 -20.1389 1147.82 1 2.17389
2235.84 -20.2163 1147.73 1 2.16382
2236.86 -20.1881 1147.77 1 2.09352
2237.94 -20.196 1147.83 1 2.06087
2238.9 -20.0514 1147.77 1 1.85368
2240.03 -20.1741 1147.86 1 1.93973
2240.96 -19.8802 1147.73 1 1.56972
2242.04 -19.8708 1147.8 1 1.53771
2243.08 -19.6706 1147.74 1 1.28201
2244.18 -19.6171 1147.81 1 1.22817
2245.16 -19.364 1147.71 1 0.925771
2246.23 -19.086 1147.7 1 0.709699
2247.37 -19.0422 1147.72 1 0.697256
2248.44 -18.74 1147.7 1 0.659497
2249.53 -18.698 1147.66 1 0.662602
2250.61 -18.6305 1147.66 1 0.720541
2251.75 -18.445 1147.7 1 0.91717
2252.87 -17.9764 1147.64 1 1.31674
2253.93 -17.6264 1147.6 1 1.68173
2255.09 -17.3962 1147.61 1 1.97098
2256.23 -17.44 1147.59 1 1.99052
2257.37 -17.6536 1147.56 1 1.84417
2258.59 -17.2464 1147.59 1 2.31442
2259.77 -17.1666 1147.59 1 2.46163
2260.91 -17.2316 1147.54 1 2.45352
2262.11 -17.4059 1147.56 1 2.35998
2263.31 -17.5179 1147.57 1 2.32384
2264.53 -17.6119 1147.59 1 2.31164
2265.73 -17.7836 1147.62 1 2.22565
2266.89 -17.8819 1147.58 1 2.18764
2268.09 -17.9507 1147.63 1 2.20737
2269.22 -18.1442 1147.55 1 2.0634
2270.44 -18.4966 1147.61 1 1.82007
2271.62 -18.7452 1147.71 1 1.70029
2272.77 -19.0792 1147.67 1 1.45216
2273.91 -19.4403 1147.67 1 1.2141
2275.06 -19.6361 1147.77 1 1.18817
2276.14 -20.1146 1147.63 1 0.832274
2277.23 -20.4638 1147.58 1 0.680717
2278.41 -20.7125 1147.68 1 0.782575
2279.42 -20.7615 1147.62 1 0.726547
2280.61 -21.352 1147.7 1 0.98144
2281.65 -22.198 1147.61 1 1.52104
2282.75 -22.3832 1147.69 1 1.66381
2283.81 -22.6322 1147.68 1 1.82502
2284.87 -22.8839 1147.66 1 1.99289
2285.92 -22.7192 1147.73 1 1.82109
2286.89 -22.9904 1147.65 1 1.98085
2287.9 -23.1626 1147.62 1 2.07267
2288.94 -23.2012 1147.66 1 2.06774
2289.96 -23.2945 1147.61 1 2.08057
2290.95 -23.3538 1147.55 1 2.06381
2292 -23.3162 1147.57 1 1.97881
2292.98 -23.2506 1147.56 1 1.86089
2294.03 -23.117 1147.57 1 1.69325
2295.08 -23.1134 1147.56 1 1.63019
2296.12 -22.9894 1147.54 1 1.46074
2297.13 -22.8519 1147.49 1 1.27099
2298.19 -22.6008 1147.45 1 0.994948
2299.26 -22.324 1147.52 1 0.838113
2300.37 -22.3073 1147.49 1 0.773691
2301.47 -22.0429 1147.55 1 0.767667
2302.56 -21.8324 1147.49 1 0.766364
2303.64 -21.8784 1147.49 1 0.778162
2304.76 -21.7067 1147.42 1 0.84451
2305.86 -21.315 1147.46 1 1.21041
2306.95 -20.8061 1147.4 1 1.68615
2308.05 -20.6892 1147.33 1 1.83346
2309.2 -20.5485 1147.33 1 2.03511
2310.36 -20.762 1147.29 1 1.88624
2311.57 -20.5662 1147.32 1 2.15451
2312.77 -20.46 1147.37 1 2.33843
2313.92 -20.3401 1147.35 1 2.51752
2315.17 -20.256 1147.39 1 2.68167
2316.36 -20.4856 1147.44 1 2.5434
2317.64 -20.8007 1147.63 1 2.38748
2318.79 -21.3288 1147.53 1 1.93061
2319.94 -21.3925 1147.44 1 1.90097
2321.06 -21.6478 1147.4 1 1.712
2322.3 -21.5774 1147.49 1 1.88383
2323.49 -21.9531 1147.51 1 1.62799
2324.68 -22.1606 1147.56 1 1.5466
2325.75 -22.6145 1147.42 1 1.15397
2327 -22.6265 1147.57 1 1.31122
2328.12 -22.8403 1147.55 1 1.20014
2329.15 -23.0546 1147.42 1 1.00773
2330.21 -23.3827 1147.33 1 0.790171
2331.34 -23.5578 1147.31 1 0.732641
2332.53 -24.1985 1147.45 1 0.881355
2333.62 -24.5266 1147.51 1 1.06028
2334.71 -25.1453 1147.48 1 1.42362
2335.77 -25.6957 1147.47 1 1.82975
2336.86 -25.9064 1147.45 1 1.95241
2337.76 -26.3379 1147.19 1 2.21546
2338.89 -26.3211 1147.4 1 2.20358
2339.92 -26.1914 1147.46 1 2.05431
2340.94 -26.4603 1147.37 1 2.21537
2341.97 -26.4686 1147.38 1 2.16889
2343.03 -26.5954 1147.43 1 2.25182
2343.92 -26.344 1147.26 1 1.90824
2344.95 -26.4295 1147.24 1 1.92526
2346 -26.3958 1147.28 1 1.85024
2347.06 -26.5395 1147.36 1 1.96162
2348.09 -26.3793 1147.31 1 1.74193
2349.11 -26.2663 1147.27 1 1.56901
2350.15 -26.2 1147.29 1 1.47036
2351.1 -25.7426 1147.07 1 0.924566
2352.4 -25.9654 1147.49 1 1.3212
2353.39 -25.7487 1147.31 1 1.00866
2354.5 -25.471 1147.27 1 0.808147
2355.54 -25.2084 1147.26 1 0.754168
2356.62 -25.2765 1147.21 1 0.718543
2357.65 -25.5332 1147.23 1 0.749051
2358.55 -25.4319 1147.28 1 0.793119
2359.41 -25.4346 1147.46 1 0.977458
2359.98 -25.0747 1147.35 1 0.97567
2360.47 -25.0488 1147.36 1 1.01139
2360.82 -24.7668 1147.21 1 1.08985
2361.1 -25.0223 1147.15 1 0.882245
2361.46 -25.2829 1147.35 1 0.932042
2361.62 -25.1257 1147.27 1 0.940529
2361.74 -25.1686 1147.22 1 0.876302
2361.84 -25.1729 1147.18 1 0.844058
2361.99 -25.1948 1147.28 1 0.925606
2362.05 -25.2257 1147.24 1 0.873844
2362.11 -25.3883 1147.24 1 0.811943
2362.15 -25.3028 1147.25 1 0.856801
2362.14 -25.3263 1147.18 1 0.778195
2362.19 -25.3157 1147.23 1 0.835548
2362.2 -25.3528 1147.23 1 0.821172
2362.22 -25.393 1147.25 1 0.825855
2362.22 -25.4423 1147.21 1 0.77482
2362.2 -25.3761 1147.17 1 0.756958
