2103.05 -9.73836 1148.56 1 0.379494
2103.04 -10.632 1148.49 1 0.71593
2102.91 -10.0576 1148.21 1 0.113593
2103.13 -9.81599 1148.44 1 0.241599
2103.25 -9.74328 1148.22 1 0.227724
2103.79 -9.36237 1148.53 1 0.698929
2104.13 -9.86027 1148.07 1 0.23502
2105.09 -9.89609 1148.52 1 0.341709
2105.79 -10.0499 1148.31 1 0.105131
2106.85 -9.18553 1148.67 1 1.09466
2107.56 -9.96534 1148.19 1 0.265148
2108.55 -10.2328 1148.13 1 0.10472
2109.63 -10.5014 1148.22 1 0.147455
2110.78 -10.3676 1148.31 1 0.121977
2111.84 -10.4508 1148.23 1 0.0497892
2112.94 -10.5481 1148.2 1 0.0126042
2114.02 -10.5598 1148.19 1 0.0587598
2115.13 -10.6716 1148.19 1 0.0188802
2116.27 -10.5886 1148.21 1 0.16866
2117.36 -10.7251 1148.22 1 0.109119
2118.41 -10.8803 1148.16 1 0.00237657
2119.49 -11.1891 1148.09 1 0.249243
2120.62 -11.4608 1148.16 1 0.444083
2121.7 -11.4205 1148.15 1 0.338937
2122.7 -11.2617 1148.11 1 0.124587
2123.66 -11.2258 1147.98 1 0.159509
2124.76 -11.3477 1148.07 1 0.102798
2125.84 -11.3671 1148.23 1 0.110401
2126.86 -11.3744 1148.15 1 0.0392281
2127.88 -11.5052 1148.12 1 0.0529189
2128.85 -11.4018 1148.11 1 0.109427
2129.85 -11.384 1148.07 1 0.190257
2130.85 -11.5963 1148.02 1 0.0806871
2131.92 -11.6342 1148.1 1 0.0622711
2132.97 -11.7224 1148.12 1 0.0547969
2133.98 -11.7612 1148.06 1 0.0633628
2135.01 -11.8259 1148.02 1 0.0785089
2136.04 -11.8771 1148 1 0.0942023
2137.16 -11.895 1148.13 1 0.134286
2138.17 -11.8667 1148.07 1 0.206103
2139.24 -11.931 1148.03 1 0.206791
2140.38 -12.134 1148.11 1 0.0948143
2141.48 -12.2389 1148.1 1 0.0700011
2142.61 -12.3324 1148.07 1 0.0399
2143.74 -12.3266 1148.11 1 0.119496
2144.82 -12.2502 1148.13 1 0.249422
2145.94 -12.0569 1148.08 1 0.486539
2147.1 -12.1678 1148.09 1 0.448616
2148.22 -12.4769 1148.09 1 0.219175
2149.42 -12.73 1148.12 1 0.124148
2150.59 -12.802 1148.05 1 0.0619909
2151.78 -12.8124 1148.1 1 0.143218
2152.93 -12.936 1148.09 1 0.113056
2154.11 -13.0972 1148.08 1 0.132237
2155.25 -13.3861 1148.06 1 0.299576
2156.44 -13.4351 1148.05 1 0.279762
2157.61 -13.5024 1148.05 1 0.276082
2158.77 -13.499 1147.98 1 0.188559
2159.9 -13.6739 1147.9 1 0.293901
2161.1 -13.6571 1147.89 1 0.20672
2162.26 -13.7499 1147.9 1 0.227256
2163.41 -13.7505 1147.92 1 0.157792
2164.55 -13.7975 1147.86 1 0.144645
2165.76 -13.773 1147.95 1 0.0625535
2166.91 -13.8239 1147.94 1 0.0465967
2168.03 -14.0072 1147.96 1 0.153466
2169.12 -13.9437 1147.89 1 0.00758875
2170.29 -14.0595 1147.97 1 0.102854
2171.31 -14.1237 1147.82 1 0.079445
2172.4 -14.3256 1147.86 1 0.191878
2173.57 -14.6131 1147.91 1 0.410391
2174.62 -14.7054 1147.93 1 0.442766
2175.66 -14.6956 1147.85 1 0.364558
2176.75 -14.5428 1147.87 1 0.149595
2177.74 -14.613 1147.82 1 0.158059
2178.76 -14.604 1147.79 1 0.0962527
2179.77 -14.8054 1147.84 1 0.227689
2180.85 -14.8681 1147.86 1 0.227775
2181.84 -14.8211 1147.8 1 0.119507
2182.89 -14.8278 1147.84 1 0.0673905
2183.85 -14.8099 1147.76 1 0.0497474
2184.9 -14.8322 1147.81 1 0.0554375
2185.96 -14.9846 1147.81 1 0.0380395
2186.93 -14.9263 1147.78 1 0.0827248
2188.03 -15.0455 1147.79 1 0.0295034
2189.02 -14.9622 1147.76 1 0.172582
2190.11 -15.0832 1147.79 1 0.117853
2191.14 -15.1915 1147.75 1 0.0734712
2192.23 -15.2095 1147.73 1 0.121696
2193.32 -15.3586 1147.72 1 0.0466603
2194.39 -15.3913 1147.71 1 0.0763348
2195.48 -15.6102 1147.67 1 0.111302
2196.61 -15.6253 1147.66 1 0.0826087
2197.75 -15.6015 1147.69 1 0.0724202
2198.87 -15.3312 1147.7 1 0.396951
2199.95 -15.3839 1147.64 1 0.414933
2201.1 -15.6535 1147.65 1 0.217818
2202.28 -15.9153 1147.6 1 0.105831
2203.47 -15.8894 1147.67 1 0.119434
2204.62 -16.131 1147.64 1 0.0765641
2205.77 -16.2616 1147.59 1 0.152862
2206.96 -16.3112 1147.55 1 0.162297
2208.13 -16.3009 1147.53 1 0.145347
2209.33 -16.5773 1147.62 1 0.225135
2210.52 -16.6234 1147.63 1 0.195398
2211.7 -16.5952 1147.55 1 0.139992
2212.87 -16.7166 1147.54 1 0.182495
2214.04 -16.7337 1147.51 1 0.164543
2215.17 -16.8664 1147.5 1 0.21044
2216.35 -16.9256 1147.54 1 0.171612
2217.53 -16.9246 1147.59 1 0.0809497
2218.68 -16.9102 1147.55 1 0.0632061
2219.81 -16.9679 1147.54 1 0.0701133
2220.93 -17.0644 1147.51 1 0.0994263
2222.04 -17.1392 1147.52 1 0.0769796
2223.19 -17.0921 1147.57 1 0.102994
2224.25 -17.3771 1147.45 1 0.180929
2225.45 -17.3994 1147.61 1 0.0775598
2226.46 -17.7408 1147.53 1 0.353545
2227.59 -18.0154 1147.51 1 0.560513
2228.65 -17.9221 1147.52 1 0.402862
2229.7 -17.7454 1147.55 1 0.161265
2230.73 -17.7028 1147.52 1 0.0658997
2231.77 -17.8445 1147.52 1 0.136814
2232.81 -17.9005 1147.53 1 0.128722
2233.77 -17.9545 1147.48 1 0.138052
2234.78 -17.997 1147.39 1 0.175858
2235.8 -17.9443 1147.42 1 0.100896
2236.88 -18.034 1147.49 1 0.0361739
2237.83 -17.9561 1147.43 1 0.145147
2238.95 -18.171 1147.51 1 0.0305843
2239.89 -18.0331 1147.39 1 0.196555
2240.97 -18.1721 1147.46 1 0.0971918
2242 -18.16 1147.41 1 0.183911
2243.09 -18.3436 1147.46 1 0.0517725
2244.08 -18.3486 1147.38 1 0.142405
2245.14 -18.316 1147.35 1 0.231452
2246.28 -18.5573 1147.38 1 0.0873292
2247.37 -18.5392 1147.36 1 0.151134
2248.44 -18.6858 1147.33 1 0.132741
2249.53 -18.7894 1147.32 1 0.133
2250.66 -18.8063 1147.36 1 0.0924021
2251.79 -18.6307 1147.3 1 0.315378
2252.86 -18.6056 1147.26 1 0.409281
2254.01 -18.7418 1147.26 1 0.347295
2255.16 -19.0927 1147.25 1 0.168925
2256.31 -19.4529 1147.22 1 0.328081
2257.52 -19.1635 1147.26 1 0.177237
2258.7 -19.1932 1147.24 1 0.211583
2259.83 -19.3891 1147.2 1 0.192092
2261.04 -19.581 1147.21 1 0.204554
2262.26 -19.6876 1147.23 1 0.206676
2263.46 -19.7369 1147.25 1 0.174397
2264.67 -19.8303 1147.28 1 0.163912
2265.82 -19.854 1147.24 1 0.151959
2267.04 -19.7753 1147.28 1 0.0905665
2268.16 -19.8043 1147.2 1 0.17732
2269.38 -19.9554 1147.25 1 0.097955
2270.57 -19.981 1147.36 1 0.0671808
2271.73 -20.055 1147.32 1 0.0612812
2272.86 -20.1709 1147.32 1 0.0138665
2274 -20.0932 1147.41 1 0.184572
2275.09 -20.29 1147.28 1 0.0419932
2276.17 -20.4363 1147.21 1 0.106127
2277.35 -20.4764 1147.33 1 0.0389267
2278.37 -20.3462 1147.26 1 0.17208
2279.56 -20.6667 1147.36 1 0.108105
2280.6 -21.1834 1147.25 1 0.533745
2281.68 -20.9928 1147.34 1 0.286559
2282.76 -20.9416 1147.31 1 0.16795
2283.81 -20.9787 1147.32 1 0.147387
2284.87 -20.697 1147.38 1 0.242545
2285.83 -20.8851 1147.31 1 0.0958417
2286.85 -21.0047 1147.27 1 0.0318966
2287.88 -20.9894 1147.31 1 0.119123
2288.9 -21.0511 1147.26 1 0.100563
2289.89 -21.1529 1147.2 1 0.0647794
2290.92 -21.1793 1147.23 1 0.0916073
2291.93 -21.24 1147.2 1 0.0929874
2292.95 -21.2149 1147.24 1 0.17926
2294.02 -21.3801 1147.22 1 0.0781616
2295.05 -21.4353 1147.2 1 0.0838849
2296.05 -21.5007 1147.15 1 0.090551
2297.11 -21.5141 1147.12 1 0.148367
2298.19 -21.4884 1147.17 1 0.220039
2299.29 -21.748 1147.16 1 0.0348774
2300.38 -21.7619 1147.2 1 0.0828571
2301.49 -21.7835 1147.16 1 0.12379
2302.56 -21.9998 1147.14 1 0.0338594
2303.68 -21.9886 1147.09 1 0.0784183
2304.78 -21.8773 1147.11 1 0.230819
2305.88 -21.6778 1147.06 1 0.499437
2306.98 -21.9248 1146.99 1 0.347671
2308.12 -22.1284 1146.99 1 0.226907
2309.28 -22.576 1146.95 1 0.266771
2310.51 -22.4762 1146.99 1 0.129328
2311.69 -22.4672 1147.02 1 0.106893
2312.85 -22.4549 1147 1 0.169867
2314.1 -22.4501 1147.04 1 0.223717
2315.29 -22.6558 1147.1 1 0.0827408
2316.58 -22.9586 1147.29 1 0.252032
2317.74 -23.3997 1147.18 1 0.523307
2318.89 -23.3747 1147.1 1 0.420142
2320.01 -23.5132 1147.04 1 0.490595
2321.24 -23.2992 1147.13 1 0.215365
2322.44 -23.4706 1147.16 1 0.318448
2323.63 -23.4534 1147.21 1 0.267395
2324.69 -23.6766 1147.06 1 0.372076
2325.95 -23.4131 1147.23 1 0.195693
2327.06 -23.3567 1147.19 1 0.182414
2328.1 -23.3122 1147.08 1 0.204928
2329.16 -23.403 1146.97 1 0.176976
2330.29 -23.373 1146.96 1 0.273105
2331.5 -23.8447 1147.09 1 0.158538
2332.56 -23.9166 1147.14 1 0.201198
2333.66 -24.2293 1147.12 1 0.405567
2334.73 -24.428 1147.12 1 0.534944
2335.81 -24.2892 1147.09 1 0.334415
2336.72 -24.5078 1146.85 1 0.495207
2337.84 -24.306 1147.03 1 0.218852
2338.88 -24.1208 1147.11 1 0.14829
2339.88 -24.3121 1147.02 1 0.113198
2340.91 -24.2521 1147.04 1 0.089526
2341.97 -24.3725 1147.09 1 0.14297
2342.86 -24.1402 1146.92 1 0.259228
2343.88 -24.281 1146.88 1 0.185813
2344.94 -24.3241 1146.93 1 0.199303
2346.01 -24.6111 1147.01 1 0.0864802
2347.02 -24.5866 1146.97 1 0.0791955
2348.04 -24.6466 1146.92 1 0.0643832
2349.1 -24.8004 1146.94 1 0.039773
2350.01 -24.5637 1146.74 1 0.313361
2351.33 -25.0552 1147.15 1 0.294611
2352.31 -25.1038 1146.97 1 0.15648
2353.43 -25.1367 1146.93 1 0.110102
2354.46 -25.1112 1146.92 1 0.0471927
2355.56 -25.2631 1146.83 1 0.108321
2356.66 -25.5289 1146.86 1 0.298728
2357.67 -25.5464 1146.94 1 0.266562
2358.67 -25.5283 1147.14 1 0.335189
2359.37 -25.2146 1147.02 1 0.24536
2359.98 -25.2958 1147.02 1 0.215786
2360.41 -25.0992 1146.88 1 0.357277
2360.78 -25.3317 1146.81 1 0.150215
2361.2 -25.5383 1147.01 1 0.174419
2361.4 -25.3522 1146.94 1 0.190646
2361.57 -25.3757 1146.86 1 0.151045
2361.7 -25.3644 1146.83 1 0.168542
2361.88 -25.3637 1146.94 1 0.205877
2361.95 -25.3515 1146.91 1 0.20856
2362.03 -25.4732 1146.89 1 0.0982369
2362.09 -25.3649 1146.91 1 0.203743
2362.08 -25.3825 1146.82 1 0.173491
2362.13 -25.3657 1146.88 1 0.19722
2362.16 -25.3783 1146.89 1 0.188838
2362.18 -25.3983 1146.9 1 0.174088
2362.17 -25.4331 1146.87 1 0.132482
2362.16 -25.3647 1146.83 1 0.196068
