18.9026 20.2946 113.392 0.0527968 -3.13936 1.56593
18.9138 20.2999 113.975 0.0527916 -3.13934 1.56594
18.9397 20.2944 114.497 0.0528445 -3.13925 1.56593
18.9413 20.252 114.911 0.0530167 -3.13927 1.56596
18.8799 19.8694 115.412 0.0564867 -3.13975 1.5659
18.954 20.2627 116.026 0.0530192 -3.13919 1.56591
18.9459 20.2018 116.564 0.0535883 -3.13915 1.56588
18.9195 20.2285 117.038 0.0533113 -3.13943 1.5659
18.9363 20.2071 117.52 0.0535398 -3.13939 1.56586
18.9685 20.1987 118.014 0.0535055 -3.13916 1.56587
18.9394 20.1948 118.455 0.0535857 -3.1394 1.56585
19.0891 20.1756 118.977 0.0537137 -3.13818 1.56574
18.9874 20.1834 119.513 0.0536685 -3.13905 1.56587
18.9877 20.1692 120.011 0.053785 -3.13912 1.56584
19.0843 20.1523 120.533 0.0538982 -3.13827 1.56573
18.9817 20.1501 121.041 0.0539482 -3.13904 1.56584
18.9803 20.1359 121.53 0.0539871 -3.13906 1.56584
18.996 20.1413 122.03 0.0539575 -3.13903 1.56583
