-26.159 -18.779 112.2 2.1882 2.199 0.055618
-26.195 -18.787 112.79 2.1882 2.199 0.055594
-26.223 -18.803 113.31 2.1881 2.199 0.055555
-26.222 -18.805 113.72 2.1881 2.1989 0.055764
-26.262 -18.798 114.14 2.1865 2.1974 0.06006
-26.291 -18.807 114.83 2.188 2.1989 0.055673
-26.324 -18.794 115.36 2.1877 2.1986 0.056248
-26.345 -18.799 115.83 2.188 2.1988 0.056262
-26.375 -18.81 116.31 2.1878 2.1987 0.056463
-26.389 -18.815 116.81 2.1877 2.1986 0.056173
-26.417 -18.814 117.24 2.1878 2.1987 0.05653
-26.439 -18.821 117.79 2.1869 2.1982 0.055317
-26.473 -18.818 118.31 2.1876 2.1985 0.05623
-26.499 -18.825 118.8 2.1875 2.1985 0.056426
-26.521 -18.823 119.33 2.1869 2.1982 0.055621
-26.555 -18.807 119.83 2.1874 2.1984 0.056517
-26.572 -18.807 120.31 2.1874 2.1984 0.056583
-26.6 -18.819 120.81 2.1874 2.1984 0.056519
