15  5  5 15  5  5
14.9951 5.31411       5 14.9952 5.31406 4.99979
14.9803 5.62791       5 14.9807 5.62816 4.99978
14.9556 5.94108       5 14.9562 5.94174 4.99997
14.9211 6.25333       5 14.9218 6.25431 5.00046
14.8769 6.56434       5 14.8776 6.56562 5.00081
14.8229 6.87381       5 14.8241 6.87541   5.001
14.7592 7.18143       5 14.7606 7.18331 5.00132
14.6858  7.4869       5 14.6877 7.48917  5.0016
14.6029 7.78991       5 14.6053 7.79304 5.00193
14.5106 8.09017       5 14.5135  8.0945 5.00214
14.4088 8.38738       5 14.4122 8.39254 5.00242
14.2978 8.68124       5 14.3017 8.68669 5.00262
14.1775 8.97148       5  14.182 8.97706  5.0029
14.0483 9.25779       5 14.0533 9.26356 5.00359
13.9101  9.5399       5 13.9155 9.54608 5.00442
13.7631 9.81753       5 13.7688 9.82436  5.0051
13.6074 10.0904       5 13.6137 10.0976 5.00527
13.4433 10.3583       5 13.4503 10.3657 5.00515
13.2708 10.6208       5 13.2786 10.6284 5.00499
13.0902 10.8778       5 13.0987  10.886 5.00495
12.9016 11.1291       5 12.9109 11.1378 5.00508
12.7051 11.3742       5 12.7152 11.3835 5.00479
12.5011 11.6131       5 12.5119 11.6229 5.00436
12.2897 11.8455       5  12.301 11.8561 5.00394
12.0711 12.0711       5 12.0826 12.0828 5.00347
11.8455 12.2897       5 11.8572 12.3022 5.00308
11.6131 12.5011       5 11.6249 12.5142 5.00272
11.3742 12.7051       5  11.386 12.7186 5.00216
11.1291 12.9015       5 11.1409 12.9154 5.00176
10.8779 13.0902       5 10.8896 13.1043 5.00124
10.6208 13.2708       5 10.6325 13.2854 5.00077
10.3583 13.4433       5 10.3702 13.4581 5.00039
10.0904 13.6074       5 10.1028 13.6219 5.00026
9.81754 13.7631       5 9.83037 13.7773  5.0003
9.53991 13.9101       5 9.55322  13.924 5.00022
 9.2578 14.0483       5 9.27152 14.0619 5.00016
8.97149 14.1775       5 8.98597 14.1908 5.00015
8.68125 14.2978       5 8.69701 14.3105 4.99977
8.38739 14.4088       5 8.40386 14.4209 4.99934
8.09018 14.5106       5 8.10717 14.5224 4.99897
7.78991 14.6029       5 7.80725 14.6145 4.99831
7.48689 14.6858       5 7.50447 14.6974 4.99772
7.18142 14.7592       5 7.19931 14.7707 4.99725
6.87379 14.8229       5 6.89229 14.8345 4.99738
6.56432 14.8769       5  6.5832 14.8885  4.9975
 6.2533 14.9212       5 6.27228  14.933 4.99768
5.94104 14.9556       5  5.9601  14.968 4.99767
5.62786 14.9803       5 5.64649 14.9934 4.99749
5.31405 14.9951       5 5.33231 15.0089  4.9972
4.99994      15       5 5.01811 15.0146 4.99686
4.68582 14.9951       5   4.704 15.0103 4.99681
4.37202 14.9803       5 4.38993 14.9959 4.99686
4.05883 14.9556       5 4.07655 14.9718 4.99688
3.74658 14.9211       5  3.7638 14.9379 4.99704
3.43556 14.8769       5 3.45183  14.894 4.99706
3.12608 14.8229       5 3.14143 14.8404 4.99716
2.81846 14.7591       5 2.83264  14.777 4.99737
2.51299 14.6858       5 2.52614 14.7042 4.99757
2.20997 14.6029       5 2.22236 14.6218 4.99802
 1.9097 14.5105       5 1.92163 14.5301 4.99868
1.61249 14.4088       5 1.62403 14.4291 4.99916
1.31862 14.2977       5 1.33006 14.3188 4.99947
1.02838 14.1775       5 1.03983 14.1991 4.99963
0.74206 14.0482       5 0.753873  14.0705   4.9997
0.459944    13.91        5 0.471892  13.9332  4.99948
0.182308   13.763        5 0.194127  13.7869  4.99922
-0.0905727    13.6073          5 -0.0788654    13.6321    4.99894
-0.35843  13.4432        5 -0.34703  13.4685  4.99824
-0.620998   13.2707         5 -0.609858   13.2962   4.99741
-0.878019     13.09         5 -0.86691   13.116  4.99678
-1.12924  12.9014        5 -1.11828  12.9281  4.99656
-1.37441   12.705        5 -1.36356  12.7325   4.9964
-1.61329   12.501        5 -1.60253  12.5297  4.99639
-1.84564  12.2895        5 -1.83463  12.3192  4.99656
-2.07124  12.0709        5 -2.06021  12.1016  4.99672
-2.28986  11.8453        5 -2.27908  11.8767  4.99684
-2.50128  11.6129        5 -2.49094  11.6452  4.99706
-2.7053  11.374       5 -2.69543  11.4074  4.99755
-2.90172  11.1289        5 -2.8923 11.1629 4.99746
-3.09033  10.8776        5 -3.08146  10.9119  4.99724
-3.27097  10.6206        5 -3.26306  10.6549   4.9972
-3.44344   10.358        5 -3.43651  10.3925   4.9975
-3.60757  10.0902        5 -3.60151  10.1249  4.99796
-3.76321  9.81727        5 -3.75776  9.85223  4.99822
-3.91021  9.53963        5 -3.90506  9.57522  4.99836
-4.04841   9.2575        5 -4.04363  9.29377  4.99845
-4.17768  8.97118        5 -4.17353  9.00812  4.99825
-4.29789  8.68094        5 -4.29452  8.71823  4.99826
-4.40892  8.38706        5 -4.40672  8.42407  4.99828
-4.51067  8.08984        5 -4.50965  8.12643  4.99861
-4.60304  7.78957        5 -4.60315  7.82574  4.99895
-4.68592  7.48655        5 -4.68698  7.52266  4.99912
-4.75925  7.18107        5 -4.76113  7.21725  4.99887
-4.82294  6.87344        5 -4.8257 6.90988 4.99824
-4.87694  6.56397        5 -4.88053  6.60088  4.99757
-4.9212 6.25294       5 -4.92581  6.29003  4.99714
-4.95566  5.94069        5 -4.96115  5.97765  4.99682
-4.98029   5.6275        5 -4.98637  5.66412  4.99667
-4.99508  5.31369        5 -5.00171   5.3497  4.99679
     -5 4.99958       5 -5.00685  5.03499  4.99679
-4.99505  4.68547        5 -5.00214  4.72034  4.99665
-4.98024  4.37166        5 -4.98764  4.40593   4.9968
-4.95558  4.05848        5 -4.96342  4.09211  4.99684
-4.92109  3.74622        5 -4.92945  3.77948  4.99692
-4.87681   3.4352        5 -4.88569  3.46823  4.99709
-4.82279  3.12573        5 -4.83216  3.15854  4.99735
-4.75906  2.81811        5 -4.76907  2.85089  4.99756
-4.68571  2.51264        5 -4.69602  2.54527  4.99728
-4.6028 2.20962       5 -4.61317  2.24192  4.99671
-4.51041  1.90936        5 -4.52097  1.94137  4.99613
-4.40864  1.61215        5 -4.41915  1.64403  4.99597
-4.29758  1.31828        5 -4.30814  1.35017  4.99574
-4.17734  1.02805        5 -4.18796  1.05993   4.9954
-4.04805 0.741736        5 -4.05899 0.773738  4.99504
-3.90983 0.459624        5 -3.92081 0.491308  4.99466
-3.76281 0.181994        5 -3.77377 0.213431  4.99435
  -3.60714 -0.0908813          5   -3.61793 -0.0598459    4.99388
 -3.44298 -0.358732         5  -3.45372 -0.327758   4.99323
 -3.27049 -0.621295         5  -3.28152 -0.590145   4.99302
 -3.08984 -0.878309         5  -3.10122 -0.847149   4.99302
 -2.9012 -1.12952        5 -2.91304 -1.09848  4.99319
-2.70476 -1.37469        5 -2.71719 -1.34348  4.99322
-2.50072 -1.61356        5 -2.51362 -1.58222  4.99337
-2.28928  -1.8459        5 -2.30241 -1.81472  4.99339
-2.07064 -2.07149        5 -2.08414 -2.04053  4.99324
-1.84503  -2.2901        5 -1.85904 -2.25915  4.99307
-1.61266 -2.50152        5 -1.62726 -2.47043  4.99313
-1.37376 -2.70553        5 -1.38884 -2.67418  4.99299
-1.12857 -2.90194        5  -1.1441 -2.87044  4.99258
-0.877338  -3.09054         5 -0.893207  -3.05922    4.9922
-0.620302  -3.27117         5 -0.636311  -3.24027    4.9921
-0.357719  -3.44363         5 -0.373714  -3.41336   4.99195
-0.0898479   -3.60776          5 -0.105686  -3.57837    4.9917
0.183046 -3.76339        5 0.167696 -3.73444  4.99166
0.460694 -3.91037        5 0.445487 -3.88157  4.99157
0.742822 -4.04856        5 0.727532 -4.01982   4.9913
 1.02915 -4.17782        5  1.01388 -4.14931  4.99104
  1.3194 -4.29802        5  1.30413 -4.26953  4.99061
 1.61328 -4.40905        5   1.5979 -4.38052  4.99016
  1.9105 -4.51078        5  1.89485 -4.48211  4.98982
 2.21078 -4.60314        5  2.19522 -4.57452  4.98974
  2.5138 -4.68601        5   2.4987 -4.65724   4.9893
 2.81928 -4.75933        5  2.80503 -4.73025  4.98881
 3.12691 -4.82301        5  3.11293 -4.79332  4.98835
3.43639  -4.877       5  3.42258 -4.84687  4.98815
 3.74741 -4.92124        5   3.7336 -4.89115  4.98791
 4.05967 -4.95569        5  4.04579 -4.92527  4.98735
 4.37286 -4.98032        5  4.35906 -4.94968  4.98663
 4.68667 -4.99509        5  4.67308 -4.96415  4.98577
5.00078      -5       5  4.98729 -4.96865  4.98507
 5.31489 -4.99504        5  5.30183 -4.96342  4.98448
  5.6287 -4.98022        5   5.6163 -4.94829  4.98424
 5.94188 -4.95554        5  5.93004 -4.92326  4.98365
 6.25414 -4.92105        5  6.24225 -4.88853  4.98324
 6.56515 -4.87676        5  6.55325 -4.84408  4.98303
 6.87462 -4.82272        5 6.86305 -4.7901 4.98294
 7.18224 -4.75899        5  7.17075 -4.72658  4.98279
 7.48771 -4.68562        5 7.47629 -4.6533 4.98271
7.79072 -4.6027       5   7.7789 -4.57063  4.98281
8.09098 -4.5103       5  8.07878 -4.47835  4.98321
 8.38819 -4.40852        5  8.37605 -4.37656  4.98352
 8.68205 -4.29745        5  8.66984 -4.26568   4.9838
8.97228 -4.1772       5  8.9602 -4.1453 4.98376
9.25859 -4.0479       5  9.24647 -4.01604  4.98393
  9.5407 -3.90966        5  9.52815 -3.87766  4.98424
 9.81832 -3.76264        5 9.80512 -3.7307 4.98463
 10.0912 -3.60696        5  10.0774 -3.57513  4.98485
  10.359 -3.44279        5  10.3448 -3.41105  4.98507
 10.6216 -3.27029        5  10.6072 -3.23867  4.98496
 10.8786 -3.08963        5  10.8641 -3.05807  4.98498
 11.1298 -2.90098        5  11.1152 -2.86961  4.98536
  11.375 -2.70453        5  11.3603 -2.67316  4.98575
 11.6138 -2.50049        5  11.5987 -2.46907  4.98604
 11.8462 -2.28903        5  11.8306 -2.25737  4.98636
 12.0717 -2.07039        5  12.0558 -2.03859  4.98651
 12.2903 -1.84477        5  12.2736 -1.81304  4.98666
 12.5018 -1.61239        5  12.4844 -1.58063  4.98657
 12.7058 -1.37348        5   12.688 -1.34188  4.98657
 12.9022 -1.12829        5  12.8842 -1.09669  4.98706
  13.0908 -0.877046         5    13.073 -0.844914   4.98732
  13.2714 -0.620004         5   13.2538 -0.586956    4.9877
  13.4438 -0.357415         5   13.4265 -0.323334   4.98808
  13.6079 -0.089538         5    13.5908 -0.0545096    4.98853
 13.7636 0.183362        5  13.7463 0.219256  4.98887
 13.9105 0.461015        5  13.8929 0.497341   4.9889
 14.0487 0.743148        5  14.0308 0.779958  4.98914
 14.178 1.02948       5 14.1601 1.06689 4.98959
14.2982 1.31973       5 14.2801 1.35739 4.99038
14.4092 1.61362       5 14.3907 1.65142 4.99128
14.5109 1.91085       5  14.492 1.94847 4.99184
14.6032 2.21112       5 14.5837 2.24827 4.99183
14.6861 2.51415       5 14.6659 2.55098 4.99148
14.7594 2.81963       5 14.7386 2.85612 4.99129
14.8231 3.12726       5 14.8017 3.16342 4.99108
14.8771 3.43675       5  14.855 3.47287 4.99056
14.9213 3.74777       5 14.8987 3.78421 4.98986
14.9557 4.06003       5 14.9325 4.09703 4.98912
14.9803 4.37322       5 14.9561 4.41099  4.9886
14.9951 4.68702       5   14.97 4.72515 4.98826
